18 190
51 94
20 171
188 13
1911 1
721 2
213 10
349 5
332 6
93 34
292 5
96 42
64 78
61 85
82 64
4 392
91 38
103 39
263 10
3 478
28 159
25 176
248 12
26 193
205 12
147 22
119 34
448 3
85 49
69 74
14 281
49 78
167 19
32 152
156 22
198 23
104 42
364 4
411 3
361 7
178 17
148 27
1986 1
372 2
1354 1
1244 1
1308 1
5 439
571 1
400 8
502 1
675 2
501 2
367 6
193 14
567 2
1100 1
132 23
688 2
304 7
580 1
66 80
326 6
35 145
260 12
90 36
220 13
189 14
31 154
153 20
298 6
33 140
261 13
43 115
694 1
160 22
112 42
54 97
76 51
55 92
259 10
841 1
241 14
273 5
439 2
12 507
186 16
656 1
138 28
34 136
237 11
242 14
121 29
339 3
1051 1
140 18
1471 1
246 17
39 127
17 230
27 139
265 12
150 35
165 16
463 1
945 1
577 2
408 2
59 74
280 7
16 254
250 15
56 96
212 20
599 1
282 9
251 9
9 315
106 34
274 11
593 1
74 71
290 9
455 1
348 4
6 388
208 17
11 299
86 49
158 16
78 54
162 23
24 198
215 20
176 14
151 26
1157 1
485 3
194 12
21 200
231 17
58 79
37 123
15 241
116 32
63 101
118 31
142 20
649 1
171 19
207 15
1 964
264 11
243 16
181 14
187 16
258 16
70 77
557 2
772 1
303 9
113 34
464 4
682 1
293 8
79 57
172 18
80 62
257 17
145 27
360 5
111 35
134 24
352 8
505 3
155 17
127 33
313 13
22 203
398 4
114 36
40 98
1771 1
92 39
336 3
133 32
382 4
190 18
197 26
100 54
44 129
89 49
283 6
131 32
483 6
223 17
387 2
65 89
808 1
204 14
139 26
23 212
865 1
245 17
461 3
446 3
422 9
129 25
50 93
48 120
669 1
600 1
72 59
226 12
488 1
216 13
1214 1
177 14
315 9
498 3
963 1
410 3
416 5
409 3
552 2
575 1
122 19
295 7
725 1
183 15
170 17
647 2
738 1
334 5
743 1
219 14
592 1
418 4
796 1
1474 1
1453 1
98 39
1479 1
19 198
1556 1
71 62
77 67
1191 1
343 8
62 80
107 47
606 1
200 25
507 1
525 2
330 3
124 36
460 3
159 24
587 2
523 1
146 23
137 21
813 1
635 1
421 2
351 9
228 13
366 6
277 6
135 23
527 1
500 1
244 17
154 33
109 45
130 33
266 13
475 2
406 1
83 53
108 36
287 10
437 3
305 6
631 1
331 4
378 4
164 15
511 3
383 2
402 4
517 1
117 43
374 4
432 3
386 1
136 24
340 4
466 2
335 3
236 14
254 10
654 1
262 6
214 10
161 14
221 13
184 10
68 65
545 2
144 22
391 3
566 1
217 10
60 82
296 13
157 14
152 26
385 4
915 1
496 3
350 4
99 37
480 1
377 3
435 3
325 12
414 3
101 52
57 79
373 3
279 7
229 12
286 8
489 3
97 44
486 1
966 1
413 2
317 7
616 4
556 2
440 1
539 1
141 25
270 9
67 78
576 1
192 7
403 1
457 1
492 4
196 10
357 3
123 29
546 2
175 11
676 1
272 6
562 1
415 5
163 26
233 12
493 2
227 14
102 30
180 13
424 3
879 1
275 14
238 14
53 103
655 2
143 22
240 13
268 11
128 27
278 10
467 1
590 1
447 1
94 46
328 7
126 21
384 1
333 2
389 3
950 1
785 1
553 2
465 2
521 3
589 1
81 65
222 10
536 2
358 4
473 4
327 7
73 67
185 14
210 23
36 122
302 7
52 92
88 54
2 599
308 8
309 9
47 107
249 10
311 9
329 4
105 36
639 1
289 7
169 23
29 160
166 13
376 8
84 51
1294 1
291 5
202 21
602 2
759 1
182 12
748 1
30 164
323 5
46 122
312 5
211 16
693 1
363 4
407 2
426 4
953 1
356 5
380 4
369 5
41 117
354 3
412 2
38 138
173 15
125 22
835 1
522 3
528 1
585 1
578 1
75 63
230 12
506 2
179 17
232 14
532 1
87 42
1494 1
13 313
1220 1
1369 1
891 1
209 8
691 1
1004 1
812 1
234 14
199 17
620 1
218 11
579 1
7 381
10 320
722 1
224 11
253 7
306 8
301 5
1175 1
120 32
658 1
724 1
469 1
42 128
392 2
342 7
247 4
255 8
252 6
235 6
269 4
487 2
310 3
347 5
428 2
281 8
297 5
300 5
423 2
746 1
396 2
314 6
239 10
256 8
345 7
429 2
324 4
288 5
449 2
563 1
472 2
436 1
344 1
477 1
605 1
824 1
537 2
607 1
399 1
267 4
8 345
677 1
365 5
858 1
285 8
149 32
276 3
355 2
534 1
359 6
591 1
468 3
450 3
110 28
733 1
494 2
907 1
271 3
388 3
284 5
734 1
810 1
816 1
353 3
294 9
601 2
542 1
420 3
346 4
1270 1
203 9
767 1
338 3
95 38
491 3
341 5
1072 1
451 3
394 4
419 1
225 8
442 1
518 1
927 1
393 4
459 1
195 13
624 2
206 13
499 1
731 1
636 1
626 1
661 1
723 1
478 1
603 2
608 2
322 3
299 3
319 5
201 18
454 2
45 88
390 3
115 36
337 2
191 14
379 1
174 10
433 2
2519 1
431 1
652 3
519 1
665 1
864 1
946 1
1226 1
956 1
822 2
856 1
916 1
866 1
745 1
797 1
617 1
168 24
401 4
509 1
404 2
520 1
395 3
1001 1
307 2
633 1
368 1
529 1
321 2
456 1
584 1
657 1
770 1
514 1
643 1
544 1
554 1
434 1
814 1
995 1
1160 1
470 1
786 1
481 1
705 1
371 1
516 1
598 1
316 2
482 1
613 1
594 1
430 1
474 1
479 1
471 3
524 1
476 1
621 1
541 1
618 1
918 1
417 1
609 1
561 1
612 1
444 1
425 2
458 1
318 1
397 1
443 1
